1
2
3
6
7
9
18
25
27
54
73
97
129
171
231
313
327
649
703
871
1161
2223
2463
2919
3711
6171
10971
13255
17647
23529
26623
34239
35655
52527
77031
106239
142587
156159
216367
230631
410011
511935
626331
837799
1117065
1501353
1723519
2298025
3064033
3542887
3732423
5649499
6649279
8400511
11200681
14934241
15733191
31466382
36791535
63728127
127456254
169941673
226588897
268549803
537099606
670617279
1341234558
1412987847
1674652263
2610744987
4578853915
4890328815
9780657630
12212032815
12235060455
13371194527
17828259369
31694683323
63389366646
75128138247
133561134663
158294678119
166763117679
202485402111
404970804222
426635908975
568847878633
674190078379
881715740415
989345275647
1122382791663
1444338092271
1899148184679
2081751768559
2775669024745
3700892032993
3743559068799
7487118137598
7887663552367
10516884736489
14022512981985
19536224150271
26262557464201
27667550250351
38903934249727
48575069253735
51173735510107
60650353197163
80867137596217
100759293214567
134345724286089
223656998090055
397612441048987
530149921398649
706866561864865
942488749153153
1256651665537537
1675535554050049
2234047405400065
2978729873866753
3586720916237671
4320515538764287
4861718551722727
6482291402296969
7579309213675935
12769884180266527
17026512240355369
22702016320473825
45404032640947650
46785696846401151
93571393692802302
104899295810901231
209798591621802462
279731455495736617
372975273994315489
497300365325753985
539483373894066267
931386509544713451
1278775404785934855
1339302163616345727
2678604327232691454
3571472436310255273
4761963248413673697
5065931099926693735
5977996304343501855
9781262575275081247
13041683433700108329
14727207461063895711
